6;4;26,85 sec
4;6;9,693 sec
0;10;11,117 sec
4;6;9,276 sec
4;6;5,619 sec
2;8;9,405 sec
5;5;6,893 sec
3;7;11,141 sec
10;0;1 min a 32,389 sec
4;6;10,901 sec
3;7;8,557 sec
4;6;17,861 sec
3;7;7,074 sec
3;7;11,331 sec
2;8;5,309 sec
4;6;6,037 sec
10;0;1 min a 9,053 sec
5;5;5,013 sec
2;8;4,5 sec
5;5;6,196 sec
3;7;6,66 sec
3;7;7,712 sec
3;7;6,979 sec
4;6;29,147 sec
7;3;49,413 sec
4;6;21,706 sec
2;8;5,989 sec
4;6;4,86 sec
2;8;8,461 sec
3;7;5,901 sec
3;7;7,622 sec
5;5;4,797 sec
2;8;5,029 sec
4;6;10,605 sec
4;6;4,152 sec
3;7;7,725 sec
2;8;15,156 sec
3;7;2 min a 11,521 sec
2;8;6,459 sec
3;7;4,634 sec
2;8;7,437 sec
4;6;6,302 sec
4;6;5,821 sec
